(kicad_pcb (version 20171130) (host pcbnew "(5.1.4)-1")

  (general
    (thickness 1.6)
    (drawings 1)
    (tracks 1381)
    (zones 0)
    (modules 169)
    (nets 276)
  )

  (page A4)
  (layers
    (0 F.Cu signal)
    (1 In1.Cu signal)
    (2 3.3V_plane power)
    (3 GND_plane power hide)
    (4 In4.Cu signal)
    (31 B.Cu signal)
    (32 B.Adhes user)
    (33 F.Adhes user)
    (34 B.Paste user)
    (35 F.Paste user)
    (36 B.SilkS user)
    (37 F.SilkS user)
    (38 B.Mask user)
    (39 F.Mask user)
    (40 Dwgs.User user)
    (41 Cmts.User user)
    (42 Eco1.User user)
    (43 Eco2.User user)
    (44 Edge.Cuts user)
    (45 Margin user)
    (46 B.CrtYd user)
    (47 F.CrtYd user)
    (48 B.Fab user)
    (49 F.Fab user)
  )

  (setup
    (last_trace_width 0.2)
    (user_trace_width 0.2)
    (trace_clearance 0.15)
    (zone_clearance 0.508)
    (zone_45_only no)
    (trace_min 0.2)
    (via_size 0.48)
    (via_drill 0.25)
    (via_min_size 0.48)
    (via_min_drill 0.25)
    (user_via 0.6 0.3)
    (uvia_size 0.3)
    (uvia_drill 0.1)
    (uvias_allowed no)
    (uvia_min_size 0.2)
    (uvia_min_drill 0.1)
    (edge_width 0.05)
    (segment_width 0.2)
    (pcb_text_width 0.3)
    (pcb_text_size 1.5 1.5)
    (mod_edge_width 0.12)
    (mod_text_size 1 1)
    (mod_text_width 0.15)
    (pad_size 1.524 1.524)
    (pad_drill 0.762)
    (pad_to_mask_clearance 0.051)
    (solder_mask_min_width 0.25)
    (aux_axis_origin 0 0)
    (visible_elements 7FFFFFFF)
    (pcbplotparams
      (layerselection 0x010fc_ffffffff)
      (usegerberextensions false)
      (usegerberattributes false)
      (usegerberadvancedattributes false)
      (creategerberjobfile false)
      (excludeedgelayer true)
      (linewidth 0.100000)
      (plotframeref false)
      (viasonmask false)
      (mode 1)
      (useauxorigin false)
      (hpglpennumber 1)
      (hpglpenspeed 20)
      (hpglpendiameter 15.000000)
      (psnegative false)
      (psa4output false)
      (plotreference true)
      (plotvalue true)
      (plotinvisibletext false)
      (padsonsilk false)
      (subtractmaskfromsilk false)
      (outputformat 1)
      (mirror false)
      (drillshape 1)
      (scaleselection 1)
      (outputdirectory ""))
  )

  (net 0 "")
  (net 1 "Net-(C1-Pad2)")
  (net 2 GND)
  (net 3 +3.3VA)
  (net 4 +3V3)
  (net 5 +1V8)
  (net 6 "Net-(C54-Pad2)")
  (net 7 "Net-(C54-Pad1)")
  (net 8 "Net-(C55-Pad1)")
  (net 9 "Net-(C56-Pad1)")
  (net 10 "Net-(C62-Pad1)")
  (net 11 "Net-(C63-Pad2)")
  (net 12 "Net-(C63-Pad1)")
  (net 13 "Net-(C64-Pad2)")
  (net 14 "Net-(C64-Pad1)")
  (net 15 +1V0)
  (net 16 "Net-(R1-Pad2)")
  (net 17 "Net-(R3-Pad2)")
  (net 18 "Net-(R5-Pad2)")
  (net 19 "Net-(R8-Pad2)")
  (net 20 "Net-(R10-Pad1)")
  (net 21 "Net-(R11-Pad2)")
  (net 22 "Net-(R12-Pad1)")
  (net 23 "Net-(R14-Pad2)")
  (net 24 "Net-(R15-Pad2)")
  (net 25 "Net-(U2-Pad6)")
  (net 26 "Net-(U2-Pad5)")
  (net 27 "Net-(U2-Pad2)")
  (net 28 "Net-(U3-PadT13)")
  (net 29 "Net-(U3-PadT12)")
  (net 30 "Net-(U3-PadT10)")
  (net 31 "Net-(U3-PadT9)")
  (net 32 "Net-(U3-PadT8)")
  (net 33 "Net-(U3-PadT7)")
  (net 34 "Net-(U3-PadT5)")
  (net 35 "Net-(U3-PadT4)")
  (net 36 "Net-(U3-PadT3)")
  (net 37 "Net-(U3-PadT2)")
  (net 38 "Net-(U3-PadR13)")
  (net 39 "Net-(U3-PadR12)")
  (net 40 "Net-(U3-PadR11)")
  (net 41 "Net-(U3-PadR10)")
  (net 42 "Net-(U3-PadR8)")
  (net 43 "Net-(U3-PadR7)")
  (net 44 "Net-(U3-PadR6)")
  (net 45 "Net-(U3-PadR5)")
  (net 46 "Net-(U3-PadR3)")
  (net 47 "Net-(U3-PadR2)")
  (net 48 "Net-(U3-PadR1)")
  (net 49 "Net-(U3-PadP14)")
  (net 50 "Net-(U3-PadP11)")
  (net 51 "Net-(U3-PadP10)")
  (net 52 "Net-(U3-PadP9)")
  (net 53 "Net-(U3-PadP8)")
  (net 54 "Net-(U3-PadP6)")
  (net 55 "Net-(U3-PadP5)")
  (net 56 "Net-(U3-PadP4)")
  (net 57 "Net-(U3-PadP3)")
  (net 58 "Net-(U3-PadP1)")
  (net 59 "Net-(U3-PadN14)")
  (net 60 "Net-(U3-PadN12)")
  (net 61 "Net-(U3-PadN11)")
  (net 62 "Net-(U3-PadN9)")
  (net 63 "Net-(U3-PadN6)")
  (net 64 "Net-(U3-PadN4)")
  (net 65 "Net-(U3-PadN3)")
  (net 66 "Net-(U3-PadN2)")
  (net 67 "Net-(U3-PadN1)")
  (net 68 "Net-(U3-PadM15)")
  (net 69 "Net-(U3-PadM12)")
  (net 70 "Net-(U3-PadM6)")
  (net 71 "Net-(U3-PadM5)")
  (net 72 "Net-(U3-PadM4)")
  (net 73 "Net-(U3-PadM2)")
  (net 74 "Net-(U3-PadM1)")
  (net 75 "Net-(U3-PadL5)")
  (net 76 "Net-(U3-PadL4)")
  (net 77 "Net-(U3-PadL3)")
  (net 78 "Net-(U3-PadL2)")
  (net 79 "Net-(U3-PadK12)")
  (net 80 "Net-(U3-PadK8)")
  (net 81 "Net-(U3-PadK7)")
  (net 82 "Net-(U3-PadK5)")
  (net 83 "Net-(U3-PadK3)")
  (net 84 "Net-(U3-PadK2)")
  (net 85 "Net-(U3-PadK1)")
  (net 86 "Net-(U3-PadJ16)")
  (net 87 "Net-(U3-PadJ15)")
  (net 88 "Net-(U3-PadJ5)")
  (net 89 "Net-(U3-PadJ4)")
  (net 90 "Net-(U3-PadJ3)")
  (net 91 "Net-(U3-PadJ1)")
  (net 92 "Net-(U3-PadH16)")
  (net 93 "Net-(U3-PadH14)")
  (net 94 "Net-(U3-PadH13)")
  (net 95 "Net-(U3-PadH12)")
  (net 96 "Net-(U3-PadH11)")
  (net 97 "Net-(U3-PadH5)")
  (net 98 "Net-(U3-PadH4)")
  (net 99 "Net-(U3-PadH3)")
  (net 100 "Net-(U3-PadH2)")
  (net 101 "Net-(U3-PadH1)")
  (net 102 "Net-(U3-PadG16)")
  (net 103 "Net-(U3-PadG15)")
  (net 104 "Net-(U3-PadG14)")
  (net 105 "Net-(U3-PadG12)")
  (net 106 "Net-(U3-PadG11)")
  (net 107 "Net-(U3-PadG5)")
  (net 108 "Net-(U3-PadG4)")
  (net 109 "Net-(U3-PadG2)")
  (net 110 "Net-(U3-PadG1)")
  (net 111 "Net-(U3-PadF15)")
  (net 112 "Net-(U3-PadF14)")
  (net 113 "Net-(U3-PadF13)")
  (net 114 "Net-(U3-PadF12)")
  (net 115 "Net-(U3-PadF5)")
  (net 116 "Net-(U3-PadF4)")
  (net 117 "Net-(U3-PadF3)")
  (net 118 "Net-(U3-PadF2)")
  (net 119 "Net-(U3-PadE16)")
  (net 120 "Net-(U3-PadE15)")
  (net 121 "Net-(U3-PadE13)")
  (net 122 "Net-(U3-PadE12)")
  (net 123 "Net-(U3-PadE11)")
  (net 124 "Net-(U3-PadE6)")
  (net 125 "Net-(U3-PadE5)")
  (net 126 "Net-(U3-PadE3)")
  (net 127 "Net-(U3-PadE2)")
  (net 128 "Net-(U3-PadE1)")
  (net 129 "Net-(U3-PadD16)")
  (net 130 "Net-(U3-PadD15)")
  (net 131 "Net-(U3-PadD14)")
  (net 132 "Net-(U3-PadD13)")
  (net 133 "Net-(U3-PadD11)")
  (net 134 "Net-(U3-PadD10)")
  (net 135 "Net-(U3-PadD9)")
  (net 136 "Net-(U3-PadD8)")
  (net 137 "Net-(U3-PadD6)")
  (net 138 "Net-(U3-PadD5)")
  (net 139 "Net-(U3-PadD4)")
  (net 140 "Net-(U3-PadD3)")
  (net 141 "Net-(U3-PadD1)")
  (net 142 "Net-(U3-PadC16)")
  (net 143 "Net-(U3-PadC14)")
  (net 144 "Net-(U3-PadC13)")
  (net 145 "Net-(U3-PadC12)")
  (net 146 "Net-(U3-PadC11)")
  (net 147 "Net-(U3-PadC9)")
  (net 148 "Net-(U3-PadC8)")
  (net 149 "Net-(U3-PadC7)")
  (net 150 "Net-(U3-PadC6)")
  (net 151 "Net-(U3-PadC4)")
  (net 152 "Net-(U3-PadC3)")
  (net 153 "Net-(U3-PadC2)")
  (net 154 "Net-(U3-PadC1)")
  (net 155 "Net-(U3-PadB16)")
  (net 156 "Net-(U3-PadB15)")
  (net 157 "Net-(U3-PadB14)")
  (net 158 "Net-(U3-PadB12)")
  (net 159 "Net-(U3-PadB11)")
  (net 160 "Net-(U3-PadB10)")
  (net 161 "Net-(U3-PadB9)")
  (net 162 "Net-(U3-PadB7)")
  (net 163 "Net-(U3-PadB6)")
  (net 164 "Net-(U3-PadB5)")
  (net 165 "Net-(U3-PadB4)")
  (net 166 "Net-(U3-PadB2)")
  (net 167 "Net-(U3-PadB1)")
  (net 168 "Net-(U3-PadA15)")
  (net 169 "Net-(U3-PadA14)")
  (net 170 "Net-(U3-PadA13)")
  (net 171 "Net-(U3-PadA12)")
  (net 172 "Net-(U3-PadA10)")
  (net 173 "Net-(U3-PadA9)")
  (net 174 "Net-(U3-PadA8)")
  (net 175 "Net-(U3-PadA7)")
  (net 176 "Net-(U3-PadA5)")
  (net 177 "Net-(U3-PadA4)")
  (net 178 "Net-(U3-PadA3)")
  (net 179 "Net-(U3-PadA2)")
  (net 180 "Net-(U6-Pad11)")
  (net 181 /Button1)
  (net 182 /Button2)
  (net 183 /Button3)
  (net 184 /Button4)
  (net 185 /Button5)
  (net 186 /Button6)
  (net 187 /Button7)
  (net 188 /Button8)
  (net 189 /Button9)
  (net 190 /Button10)
  (net 191 /Button11)
  (net 192 /Button12)
  (net 193 "Net-(C70-Pad1)")
  (net 194 "Net-(C71-Pad2)")
  (net 195 "Net-(C71-Pad1)")
  (net 196 "Net-(C72-Pad2)")
  (net 197 "/Audio DAC/OUTR")
  (net 198 "/Audio DAC/OUTL")
  (net 199 "Net-(R30-Pad2)")
  (net 200 "Net-(R31-Pad2)")
  (net 201 "Net-(U7-Pad45)")
  (net 202 "Net-(U7-Pad25)")
  (net 203 "Net-(U7-Pad24)")
  (net 204 "/Audio DAC/Soft-mute")
  (net 205 /Button13)
  (net 206 "/Audio DAC/Audio-data")
  (net 207 "/Audio DAC/Bit-clock")
  (net 208 +5V)
  (net 209 "Net-(C5-Pad1)")
  (net 210 "Net-(C6-Pad2)")
  (net 211 "Net-(FB1-Pad1)")
  (net 212 /EFM32/USB_D+)
  (net 213 /EFM32/USB_D-)
  (net 214 "Net-(J3-Pad3)")
  (net 215 "Net-(J3-Pad4)")
  (net 216 "Net-(J3-Pad2)")
  (net 217 "Net-(J4-Pad14)")
  (net 218 "Net-(J4-Pad12)")
  (net 219 "Net-(J4-Pad10)")
  (net 220 "Net-(J4-Pad8)")
  (net 221 "Net-(J4-Pad6)")
  (net 222 "Net-(J4-Pad4)")
  (net 223 "Net-(J5-Pad19)")
  (net 224 "Net-(J5-Pad17)")
  (net 225 "Net-(J5-Pad15)")
  (net 226 "Net-(J5-Pad13)")
  (net 227 "Net-(J5-Pad11)")
  (net 228 "Net-(J5-Pad9)")
  (net 229 "Net-(J5-Pad7)")
  (net 230 "Net-(J5-Pad5)")
  (net 231 "Net-(J5-Pad3)")
  (net 232 "Net-(J5-Pad2)")
  (net 233 /EFM32/FPGA_Reset)
  (net 234 /EFM32/FPGA_Ready)
  (net 235 /EFM32/USB_VBUSEN)
  (net 236 /Artix7/SPI_CS)
  (net 237 /Artix7/SPI_CLK)
  (net 238 /Artix7/SPI_MISO)
  (net 239 /Artix7/SPI_MOSI)
  (net 240 "Net-(U7-Pad53)")
  (net 241 /EFM32/Overcurrent)
  (net 242 "Net-(J6-Pad9)")
  (net 243 "Net-(J6-Pad8)")
  (net 244 "Net-(J6-Pad7)")
  (net 245 "Net-(J6-Pad6)")
  (net 246 "Net-(J6-Pad5)")
  (net 247 "Net-(J6-Pad4)")
  (net 248 "Net-(J6-Pad3)")
  (net 249 "Net-(J6-Pad2)")
  (net 250 /Button14)
  (net 251 /Button0)
  (net 252 /Button15)
  (net 253 /EFM32/GREEN_LED)
  (net 254 /Artix7/RED_LED)
  (net 255 /Artix7/GREEN_LED)
  (net 256 "Net-(FB4-Pad1)")
  (net 257 /EFM32/FPGA_extra_2)
  (net 258 /EFM32/FPGA_extra_1)
  (net 259 /EFM32/FPGA_extra_4)
  (net 260 /EFM32/RED_LED)
  (net 261 "Net-(J1-Pad2)")
  (net 262 "Net-(J1-Pad3)")
  (net 263 "Net-(D1-Pad1)")
  (net 264 "Net-(D2-Pad1)")
  (net 265 "Net-(D3-Pad1)")
  (net 266 "Net-(D4-Pad1)")
  (net 267 "Net-(FB3-Pad1)")
  (net 268 "Net-(FB5-Pad2)")
  (net 269 /Artix7/DAC_SCK)
  (net 270 /Artix7/DAC_LRCK)
  (net 271 "Net-(RV1-Pad3)")
  (net 272 "Net-(RV1-Pad2)")
  (net 273 "Net-(RV2-Pad1)")
  (net 274 "Net-(RV2-Pad2)")
  (net 275 "Net-(U7-Pad36)")

  (net_class Default "This is the default net class."
    (clearance 0.15)
    (trace_width 0.2)
    (via_dia 0.48)
    (via_drill 0.25)
    (uvia_dia 0.3)
    (uvia_drill 0.1)
    (add_net +1V0)
    (add_net +1V8)
    (add_net +3.3VA)
    (add_net +3V3)
    (add_net /Artix7/DAC_LRCK)
    (add_net /Artix7/DAC_SCK)
    (add_net /Artix7/GREEN_LED)
    (add_net /Artix7/RED_LED)
    (add_net /Artix7/SPI_CLK)
    (add_net /Artix7/SPI_CS)
    (add_net /Artix7/SPI_MISO)
    (add_net /Artix7/SPI_MOSI)
    (add_net "/Audio DAC/Audio-data")
    (add_net "/Audio DAC/Bit-clock")
    (add_net "/Audio DAC/OUTL")
    (add_net "/Audio DAC/OUTR")
    (add_net "/Audio DAC/Soft-mute")
    (add_net /Button0)
    (add_net /Button1)
    (add_net /Button10)
    (add_net /Button11)
    (add_net /Button12)
    (add_net /Button13)
    (add_net /Button14)
    (add_net /Button15)
    (add_net /Button2)
    (add_net /Button3)
    (add_net /Button4)
    (add_net /Button5)
    (add_net /Button6)
    (add_net /Button7)
    (add_net /Button8)
    (add_net /Button9)
    (add_net /EFM32/FPGA_Ready)
    (add_net /EFM32/FPGA_Reset)
    (add_net /EFM32/FPGA_extra_1)
    (add_net /EFM32/FPGA_extra_2)
    (add_net /EFM32/FPGA_extra_4)
    (add_net /EFM32/GREEN_LED)
    (add_net /EFM32/Overcurrent)
    (add_net /EFM32/RED_LED)
    (add_net /EFM32/USB_D+)
    (add_net /EFM32/USB_D-)
    (add_net /EFM32/USB_VBUSEN)
    (add_net GND)
    (add_net "Net-(C1-Pad2)")
    (add_net "Net-(C5-Pad1)")
    (add_net "Net-(C54-Pad1)")
    (add_net "Net-(C54-Pad2)")
    (add_net "Net-(C55-Pad1)")
    (add_net "Net-(C56-Pad1)")
    (add_net "Net-(C6-Pad2)")
    (add_net "Net-(C62-Pad1)")
    (add_net "Net-(C63-Pad1)")
    (add_net "Net-(C63-Pad2)")
    (add_net "Net-(C64-Pad1)")
    (add_net "Net-(C64-Pad2)")
    (add_net "Net-(C70-Pad1)")
    (add_net "Net-(C71-Pad1)")
    (add_net "Net-(C71-Pad2)")
    (add_net "Net-(C72-Pad2)")
    (add_net "Net-(D1-Pad1)")
    (add_net "Net-(D2-Pad1)")
    (add_net "Net-(D3-Pad1)")
    (add_net "Net-(D4-Pad1)")
    (add_net "Net-(FB1-Pad1)")
    (add_net "Net-(FB3-Pad1)")
    (add_net "Net-(FB4-Pad1)")
    (add_net "Net-(FB5-Pad2)")
    (add_net "Net-(J1-Pad2)")
    (add_net "Net-(J1-Pad3)")
    (add_net "Net-(J3-Pad2)")
    (add_net "Net-(J3-Pad3)")
    (add_net "Net-(J3-Pad4)")
    (add_net "Net-(J4-Pad10)")
    (add_net "Net-(J4-Pad12)")
    (add_net "Net-(J4-Pad14)")
    (add_net "Net-(J4-Pad4)")
    (add_net "Net-(J4-Pad6)")
    (add_net "Net-(J4-Pad8)")
    (add_net "Net-(J5-Pad11)")
    (add_net "Net-(J5-Pad13)")
    (add_net "Net-(J5-Pad15)")
    (add_net "Net-(J5-Pad17)")
    (add_net "Net-(J5-Pad19)")
    (add_net "Net-(J5-Pad2)")
    (add_net "Net-(J5-Pad3)")
    (add_net "Net-(J5-Pad5)")
    (add_net "Net-(J5-Pad7)")
    (add_net "Net-(J5-Pad9)")
    (add_net "Net-(J6-Pad2)")
    (add_net "Net-(J6-Pad3)")
    (add_net "Net-(J6-Pad4)")
    (add_net "Net-(J6-Pad5)")
    (add_net "Net-(J6-Pad6)")
    (add_net "Net-(J6-Pad7)")
    (add_net "Net-(J6-Pad8)")
    (add_net "Net-(J6-Pad9)")
    (add_net "Net-(R1-Pad2)")
    (add_net "Net-(R10-Pad1)")
    (add_net "Net-(R11-Pad2)")
    (add_net "Net-(R12-Pad1)")
    (add_net "Net-(R14-Pad2)")
    (add_net "Net-(R15-Pad2)")
    (add_net "Net-(R3-Pad2)")
    (add_net "Net-(R30-Pad2)")
    (add_net "Net-(R31-Pad2)")
    (add_net "Net-(R5-Pad2)")
    (add_net "Net-(R8-Pad2)")
    (add_net "Net-(RV1-Pad2)")
    (add_net "Net-(RV1-Pad3)")
    (add_net "Net-(RV2-Pad1)")
    (add_net "Net-(RV2-Pad2)")
    (add_net "Net-(U2-Pad2)")
    (add_net "Net-(U2-Pad5)")
    (add_net "Net-(U2-Pad6)")
    (add_net "Net-(U3-PadA10)")
    (add_net "Net-(U3-PadA12)")
    (add_net "Net-(U3-PadA13)")
    (add_net "Net-(U3-PadA14)")
    (add_net "Net-(U3-PadA15)")
    (add_net "Net-(U3-PadA2)")
    (add_net "Net-(U3-PadA3)")
    (add_net "Net-(U3-PadA4)")
    (add_net "Net-(U3-PadA5)")
    (add_net "Net-(U3-PadA7)")
    (add_net "Net-(U3-PadA8)")
    (add_net "Net-(U3-PadA9)")
    (add_net "Net-(U3-PadB1)")
    (add_net "Net-(U3-PadB10)")
    (add_net "Net-(U3-PadB11)")
    (add_net "Net-(U3-PadB12)")
    (add_net "Net-(U3-PadB14)")
    (add_net "Net-(U3-PadB15)")
    (add_net "Net-(U3-PadB16)")
    (add_net "Net-(U3-PadB2)")
    (add_net "Net-(U3-PadB4)")
    (add_net "Net-(U3-PadB5)")
    (add_net "Net-(U3-PadB6)")
    (add_net "Net-(U3-PadB7)")
    (add_net "Net-(U3-PadB9)")
    (add_net "Net-(U3-PadC1)")
    (add_net "Net-(U3-PadC11)")
    (add_net "Net-(U3-PadC12)")
    (add_net "Net-(U3-PadC13)")
    (add_net "Net-(U3-PadC14)")
    (add_net "Net-(U3-PadC16)")
    (add_net "Net-(U3-PadC2)")
    (add_net "Net-(U3-PadC3)")
    (add_net "Net-(U3-PadC4)")
    (add_net "Net-(U3-PadC6)")
    (add_net "Net-(U3-PadC7)")
    (add_net "Net-(U3-PadC8)")
    (add_net "Net-(U3-PadC9)")
    (add_net "Net-(U3-PadD1)")
    (add_net "Net-(U3-PadD10)")
    (add_net "Net-(U3-PadD11)")
    (add_net "Net-(U3-PadD13)")
    (add_net "Net-(U3-PadD14)")
    (add_net "Net-(U3-PadD15)")
    (add_net "Net-(U3-PadD16)")
    (add_net "Net-(U3-PadD3)")
    (add_net "Net-(U3-PadD4)")
    (add_net "Net-(U3-PadD5)")
    (add_net "Net-(U3-PadD6)")
    (add_net "Net-(U3-PadD8)")
    (add_net "Net-(U3-PadD9)")
    (add_net "Net-(U3-PadE1)")
    (add_net "Net-(U3-PadE11)")
    (add_net "Net-(U3-PadE12)")
    (add_net "Net-(U3-PadE13)")
    (add_net "Net-(U3-PadE15)")
    (add_net "Net-(U3-PadE16)")
    (add_net "Net-(U3-PadE2)")
    (add_net "Net-(U3-PadE3)")
    (add_net "Net-(U3-PadE5)")
    (add_net "Net-(U3-PadE6)")
    (add_net "Net-(U3-PadF12)")
    (add_net "Net-(U3-PadF13)")
    (add_net "Net-(U3-PadF14)")
    (add_net "Net-(U3-PadF15)")
    (add_net "Net-(U3-PadF2)")
    (add_net "Net-(U3-PadF3)")
    (add_net "Net-(U3-PadF4)")
    (add_net "Net-(U3-PadF5)")
    (add_net "Net-(U3-PadG1)")
    (add_net "Net-(U3-PadG11)")
    (add_net "Net-(U3-PadG12)")
    (add_net "Net-(U3-PadG14)")
    (add_net "Net-(U3-PadG15)")
    (add_net "Net-(U3-PadG16)")
    (add_net "Net-(U3-PadG2)")
    (add_net "Net-(U3-PadG4)")
    (add_net "Net-(U3-PadG5)")
    (add_net "Net-(U3-PadH1)")
    (add_net "Net-(U3-PadH11)")
    (add_net "Net-(U3-PadH12)")
    (add_net "Net-(U3-PadH13)")
    (add_net "Net-(U3-PadH14)")
    (add_net "Net-(U3-PadH16)")
    (add_net "Net-(U3-PadH2)")
    (add_net "Net-(U3-PadH3)")
    (add_net "Net-(U3-PadH4)")
    (add_net "Net-(U3-PadH5)")
    (add_net "Net-(U3-PadJ1)")
    (add_net "Net-(U3-PadJ15)")
    (add_net "Net-(U3-PadJ16)")
    (add_net "Net-(U3-PadJ3)")
    (add_net "Net-(U3-PadJ4)")
    (add_net "Net-(U3-PadJ5)")
    (add_net "Net-(U3-PadK1)")
    (add_net "Net-(U3-PadK12)")
    (add_net "Net-(U3-PadK2)")
    (add_net "Net-(U3-PadK3)")
    (add_net "Net-(U3-PadK5)")
    (add_net "Net-(U3-PadK7)")
    (add_net "Net-(U3-PadK8)")
    (add_net "Net-(U3-PadL2)")
    (add_net "Net-(U3-PadL3)")
    (add_net "Net-(U3-PadL4)")
    (add_net "Net-(U3-PadL5)")
    (add_net "Net-(U3-PadM1)")
    (add_net "Net-(U3-PadM12)")
    (add_net "Net-(U3-PadM15)")
    (add_net "Net-(U3-PadM2)")
    (add_net "Net-(U3-PadM4)")
    (add_net "Net-(U3-PadM5)")
    (add_net "Net-(U3-PadM6)")
    (add_net "Net-(U3-PadN1)")
    (add_net "Net-(U3-PadN11)")
    (add_net "Net-(U3-PadN12)")
    (add_net "Net-(U3-PadN14)")
    (add_net "Net-(U3-PadN2)")
    (add_net "Net-(U3-PadN3)")
    (add_net "Net-(U3-PadN4)")
    (add_net "Net-(U3-PadN6)")
    (add_net "Net-(U3-PadN9)")
    (add_net "Net-(U3-PadP1)")
    (add_net "Net-(U3-PadP10)")
    (add_net "Net-(U3-PadP11)")
    (add_net "Net-(U3-PadP14)")
    (add_net "Net-(U3-PadP3)")
    (add_net "Net-(U3-PadP4)")
    (add_net "Net-(U3-PadP5)")
    (add_net "Net-(U3-PadP6)")
    (add_net "Net-(U3-PadP8)")
    (add_net "Net-(U3-PadP9)")
    (add_net "Net-(U3-PadR1)")
    (add_net "Net-(U3-PadR10)")
    (add_net "Net-(U3-PadR11)")
    (add_net "Net-(U3-PadR12)")
    (add_net "Net-(U3-PadR13)")
    (add_net "Net-(U3-PadR2)")
    (add_net "Net-(U3-PadR3)")
    (add_net "Net-(U3-PadR5)")
    (add_net "Net-(U3-PadR6)")
    (add_net "Net-(U3-PadR7)")
    (add_net "Net-(U3-PadR8)")
    (add_net "Net-(U3-PadT10)")
    (add_net "Net-(U3-PadT12)")
    (add_net "Net-(U3-PadT13)")
    (add_net "Net-(U3-PadT2)")
    (add_net "Net-(U3-PadT3)")
    (add_net "Net-(U3-PadT4)")
    (add_net "Net-(U3-PadT5)")
    (add_net "Net-(U3-PadT7)")
    (add_net "Net-(U3-PadT8)")
    (add_net "Net-(U3-PadT9)")
    (add_net "Net-(U6-Pad11)")
    (add_net "Net-(U7-Pad24)")
    (add_net "Net-(U7-Pad25)")
    (add_net "Net-(U7-Pad36)")
    (add_net "Net-(U7-Pad45)")
    (add_net "Net-(U7-Pad53)")
  )

  (net_class "+5V internal" ""
    (clearance 0.15)
    (trace_width 0.3)
    (via_dia 0.48)
    (via_drill 0.25)
    (uvia_dia 0.3)
    (uvia_drill 0.1)
    (add_net +5V)
  )

  (module Package_SO:TSSOP-20_4.4x6.5mm_P0.65mm (layer F.Cu) (tedit 5A02F25C) (tstamp 5D826FBB)
    (at 122.555 117.475 180)
    (descr "20-Lead Plastic Thin Shrink Small Outline (ST)-4.4 mm Body [TSSOP] (see Microchip Packaging Specification 00000049BS.pdf)")
    (tags "SSOP 0.65")
    (path /5D83F73E/5D8451CF)
    (attr smd)
    (fp_text reference U8 (at 0 -4.3) (layer F.SilkS)
      (effects (font (size 1 1) (thickness 0.15)))
    )
    (fp_text value PCM5102 (at 0 4.3) (layer F.Fab)
      (effects (font (size 1 1) (thickness 0.15)))
    )
    (fp_text user %R (at -0.635 2.54) (layer F.Fab)
      (effects (font (size 0.8 0.8) (thickness 0.15)))
    )
    (fp_line (start -3.75 -3.45) (end 2.225 -3.45) (layer F.SilkS) (width 0.15))
    (fp_line (start -2.225 3.45) (end 2.225 3.45) (layer F.SilkS) (width 0.15))
    (fp_line (start -3.95 3.55) (end 3.95 3.55) (layer F.CrtYd) (width 0.05))
    (fp_line (start -3.95 -3.55) (end 3.95 -3.55) (layer F.CrtYd) (width 0.05))
    (fp_line (start 3.95 -3.55) (end 3.95 3.55) (layer F.CrtYd) (width 0.05))
    (fp_line (start -3.95 -3.55) (end -3.95 3.55) (layer F.CrtYd) (width 0.05))
    (fp_line (start -2.2 -2.25) (end -1.2 -3.25) (layer F.Fab) (width 0.15))
    (fp_line (start -2.2 3.25) (end -2.2 -2.25) (layer F.Fab) (width 0.15))
    (fp_line (start 2.2 3.25) (end -2.2 3.25) (layer F.Fab) (width 0.15))
    (fp_line (start 2.2 -3.25) (end 2.2 3.25) (layer F.Fab) (width 0.15))
    (fp_line (start -1.2 -3.25) (end 2.2 -3.25) (layer F.Fab) (width 0.15))
    (pad 20 smd rect (at 2.95 -2.925 180) (size 1.45 0.45) (layers F.Cu F.Paste F.Mask)
      (net 4 +3V3))
    (pad 19 smd rect (at 2.95 -2.275 180) (size 1.45 0.45) (layers F.Cu F.Paste F.Mask)
      (net 2 GND))
    (pad 18 smd rect (at 2.95 -1.625 180) (size 1.45 0.45) (layers F.Cu F.Paste F.Mask)
      (net 196 "Net-(C72-Pad2)"))
    (pad 17 smd rect (at 2.95 -0.975 180) (size 1.45 0.45) (layers F.Cu F.Paste F.Mask)
      (net 204 "/Audio DAC/Soft-mute"))
    (pad 16 smd rect (at 2.95 -0.325 180) (size 1.45 0.45) (layers F.Cu F.Paste F.Mask)
      (net 2 GND))
    (pad 15 smd rect (at 2.95 0.325 180) (size 1.45 0.45) (layers F.Cu F.Paste F.Mask)
      (net 270 /Artix7/DAC_LRCK))
    (pad 14 smd rect (at 2.95 0.975 180) (size 1.45 0.45) (layers F.Cu F.Paste F.Mask)
      (net 206 "/Audio DAC/Audio-data"))
    (pad 13 smd rect (at 2.95 1.625 180) (size 1.45 0.45) (layers F.Cu F.Paste F.Mask)
      (net 207 "/Audio DAC/Bit-clock"))
    (pad 12 smd rect (at 2.95 2.275 180) (size 1.45 0.45) (layers F.Cu F.Paste F.Mask)
      (net 269 /Artix7/DAC_SCK))
    (pad 11 smd rect (at 2.95 2.925 180) (size 1.45 0.45) (layers F.Cu F.Paste F.Mask)
      (net 2 GND))
    (pad 10 smd rect (at -2.95 2.925 180) (size 1.45 0.45) (layers F.Cu F.Paste F.Mask)
      (net 2 GND))
    (pad 9 smd rect (at -2.95 2.275 180) (size 1.45 0.45) (layers F.Cu F.Paste F.Mask)
      (net 2 GND))
    (pad 8 smd rect (at -2.95 1.625 180) (size 1.45 0.45) (layers F.Cu F.Paste F.Mask)
      (net 4 +3V3))
    (pad 7 smd rect (at -2.95 0.975 180) (size 1.45 0.45) (layers F.Cu F.Paste F.Mask)
      (net 200 "Net-(R31-Pad2)"))
    (pad 6 smd rect (at -2.95 0.325 180) (size 1.45 0.45) (layers F.Cu F.Paste F.Mask)
      (net 199 "Net-(R30-Pad2)"))
    (pad 5 smd rect (at -2.95 -0.325 180) (size 1.45 0.45) (layers F.Cu F.Paste F.Mask)
      (net 193 "Net-(C70-Pad1)"))
    (pad 4 smd rect (at -2.95 -0.975 180) (size 1.45 0.45) (layers F.Cu F.Paste F.Mask)
      (net 194 "Net-(C71-Pad2)"))
    (pad 3 smd rect (at -2.95 -1.625 180) (size 1.45 0.45) (layers F.Cu F.Paste F.Mask)
      (net 2 GND))
    (pad 2 smd rect (at -2.95 -2.275 180) (size 1.45 0.45) (layers F.Cu F.Paste F.Mask)
      (net 195 "Net-(C71-Pad1)"))
    (pad 1 smd rect (at -2.95 -2.925 180) (size 1.45 0.45) (layers F.Cu F.Paste F.Mask)
      (net 4 +3V3))
    (model ${KISYS3DMOD}/Package_SO.3dshapes/TSSOP-20_4.4x6.5mm_P0.65mm.wrl
      (at (xyz 0 0 0))
      (scale (xyz 1 1 1))
      (rotate (xyz 0 0 0))
    )
  )

  (module Capacitor_SMD:C_1206_3216Metric_Pad1.42x1.75mm_HandSolder (layer B.Cu) (tedit 5B301BBE) (tstamp 5D8E1BBF)
    (at 68.84416 91.66352 270)
    (descr "Capacitor SMD 1206 (3216 Metric), square (rectangular) end terminal, IPC_7351 nominal with elongated pad for handsoldering. (Body size source: http://www.tortai-tech.com/upload/download/2011102023233369053.pdf), generated with kicad-footprint-generator")
    (tags "capacitor handsolder")
    (path /5D81B1F5/5DD2CC61/5D7DE9CE)
    (attr smd)
    (fp_text reference C42 (at 0 1.82 270) (layer B.SilkS)
      (effects (font (size 1 1) (thickness 0.15)) (justify mirror))
    )
    (fp_text value 470n (at 0 -1.82 270) (layer B.Fab)
      (effects (font (size 1 1) (thickness 0.15)) (justify mirror))
    )
    (fp_line (start -1.6 -0.8) (end -1.6 0.8) (layer B.Fab) (width 0.1))
    (fp_line (start -1.6 0.8) (end 1.6 0.8) (layer B.Fab) (width 0.1))
    (fp_line (start 1.6 0.8) (end 1.6 -0.8) (layer B.Fab) (width 0.1))
    (fp_line (start 1.6 -0.8) (end -1.6 -0.8) (layer B.Fab) (width 0.1))
    (fp_line (start -0.602064 0.91) (end 0.602064 0.91) (layer B.SilkS) (width 0.12))
    (fp_line (start -0.602064 -0.91) (end 0.602064 -0.91) (layer B.SilkS) (width 0.12))
    (fp_line (start -2.45 -1.12) (end -2.45 1.12) (layer B.CrtYd) (width 0.05))
    (fp_line (start -2.45 1.12) (end 2.45 1.12) (layer B.CrtYd) (width 0.05))
    (fp_line (start 2.45 1.12) (end 2.45 -1.12) (layer B.CrtYd) (width 0.05))
    (fp_line (start 2.45 -1.12) (end -2.45 -1.12) (layer B.CrtYd) (width 0.05))
    (fp_text user %R (at 0 0 270) (layer B.Fab)
      (effects (font (size 0.8 0.8) (thickness 0.12)) (justify mirror))
    )
    (pad 1 smd roundrect (at -1.4875 0 270) (size 1.425 1.75) (layers B.Cu B.Paste B.Mask) (roundrect_rratio 0.175439)
      (net 15 +1V0))
    (pad 2 smd roundrect (at 1.4875 0 270) (size 1.425 1.75) (layers B.Cu B.Paste B.Mask) (roundrect_rratio 0.175439)
      (net 2 GND))
    (model ${KISYS3DMOD}/Capacitor_SMD.3dshapes/C_1206_3216Metric.wrl
      (at (xyz 0 0 0))
      (scale (xyz 1 1 1))
      (rotate (xyz 0 0 0))
    )
  )

  (module Capacitor_SMD:C_1206_3216Metric_Pad1.42x1.75mm_HandSolder (layer B.Cu) (tedit 5B301BBE) (tstamp 5D8E1B7F)
    (at 63.76416 91.66352 270)
    (descr "Capacitor SMD 1206 (3216 Metric), square (rectangular) end terminal, IPC_7351 nominal with elongated pad for handsoldering. (Body size source: http://www.tortai-tech.com/upload/download/2011102023233369053.pdf), generated with kicad-footprint-generator")
    (tags "capacitor handsolder")
    (path /5D81B1F5/5DD2CC61/5D7DBE8A)
    (attr smd)
    (fp_text reference C38 (at 0 1.82 270) (layer B.SilkS)
      (effects (font (size 1 1) (thickness 0.15)) (justify mirror))
    )
    (fp_text value 470n (at 0 -1.82 270) (layer B.Fab)
      (effects (font (size 1 1) (thickness 0.15)) (justify mirror))
    )
    (fp_line (start -1.6 -0.8) (end -1.6 0.8) (layer B.Fab) (width 0.1))
    (fp_line (start -1.6 0.8) (end 1.6 0.8) (layer B.Fab) (width 0.1))
    (fp_line (start 1.6 0.8) (end 1.6 -0.8) (layer B.Fab) (width 0.1))
    (fp_line (start 1.6 -0.8) (end -1.6 -0.8) (layer B.Fab) (width 0.1))
    (fp_line (start -0.602064 0.91) (end 0.602064 0.91) (layer B.SilkS) (width 0.12))
    (fp_line (start -0.602064 -0.91) (end 0.602064 -0.91) (layer B.SilkS) (width 0.12))
    (fp_line (start -2.45 -1.12) (end -2.45 1.12) (layer B.CrtYd) (width 0.05))
    (fp_line (start -2.45 1.12) (end 2.45 1.12) (layer B.CrtYd) (width 0.05))
    (fp_line (start 2.45 1.12) (end 2.45 -1.12) (layer B.CrtYd) (width 0.05))
    (fp_line (start 2.45 -1.12) (end -2.45 -1.12) (layer B.CrtYd) (width 0.05))
    (fp_text user %R (at 0 0 270) (layer B.Fab)
      (effects (font (size 0.8 0.8) (thickness 0.12)) (justify mirror))
    )
    (pad 1 smd roundrect (at -1.4875 0 270) (size 1.425 1.75) (layers B.Cu B.Paste B.Mask) (roundrect_rratio 0.175439)
      (net 15 +1V0))
    (pad 2 smd roundrect (at 1.4875 0 270) (size 1.425 1.75) (layers B.Cu B.Paste B.Mask) (roundrect_rratio 0.175439)
      (net 2 GND))
    (model ${KISYS3DMOD}/Capacitor_SMD.3dshapes/C_1206_3216Metric.wrl
      (at (xyz 0 0 0))
      (scale (xyz 1 1 1))
      (rotate (xyz 0 0 0))
    )
  )

  (module Capacitor_SMD:C_1206_3216Metric_Pad1.42x1.75mm_HandSolder (layer B.Cu) (tedit 5B301BBE) (tstamp 5D8E1C1F)
    (at 84.08416 78.96352 270)
    (descr "Capacitor SMD 1206 (3216 Metric), square (rectangular) end terminal, IPC_7351 nominal with elongated pad for handsoldering. (Body size source: http://www.tortai-tech.com/upload/download/2011102023233369053.pdf), generated with kicad-footprint-generator")
    (tags "capacitor handsolder")
    (path /5D81B1F5/5DD2CC61/5D7E200F)
    (attr smd)
    (fp_text reference C48 (at 0 1.82 270) (layer B.SilkS)
      (effects (font (size 1 1) (thickness 0.15)) (justify mirror))
    )
    (fp_text value 470n (at 0 -1.82 270) (layer B.Fab)
      (effects (font (size 1 1) (thickness 0.15)) (justify mirror))
    )
    (fp_text user %R (at 0 0 270) (layer B.Fab)
      (effects (font (size 0.8 0.8) (thickness 0.12)) (justify mirror))
    )
    (fp_line (start 2.45 -1.12) (end -2.45 -1.12) (layer B.CrtYd) (width 0.05))
    (fp_line (start 2.45 1.12) (end 2.45 -1.12) (layer B.CrtYd) (width 0.05))
    (fp_line (start -2.45 1.12) (end 2.45 1.12) (layer B.CrtYd) (width 0.05))
    (fp_line (start -2.45 -1.12) (end -2.45 1.12) (layer B.CrtYd) (width 0.05))
    (fp_line (start -0.602064 -0.91) (end 0.602064 -0.91) (layer B.SilkS) (width 0.12))
    (fp_line (start -0.602064 0.91) (end 0.602064 0.91) (layer B.SilkS) (width 0.12))
    (fp_line (start 1.6 -0.8) (end -1.6 -0.8) (layer B.Fab) (width 0.1))
    (fp_line (start 1.6 0.8) (end 1.6 -0.8) (layer B.Fab) (width 0.1))
    (fp_line (start -1.6 0.8) (end 1.6 0.8) (layer B.Fab) (width 0.1))
    (fp_line (start -1.6 -0.8) (end -1.6 0.8) (layer B.Fab) (width 0.1))
    (pad 2 smd roundrect (at 1.4875 0 270) (size 1.425 1.75) (layers B.Cu B.Paste B.Mask) (roundrect_rratio 0.175439)
      (net 2 GND))
    (pad 1 smd roundrect (at -1.4875 0 270) (size 1.425 1.75) (layers B.Cu B.Paste B.Mask) (roundrect_rratio 0.175439)
      (net 15 +1V0))
    (model ${KISYS3DMOD}/Capacitor_SMD.3dshapes/C_1206_3216Metric.wrl
      (at (xyz 0 0 0))
      (scale (xyz 1 1 1))
      (rotate (xyz 0 0 0))
    )
  )

  (module Capacitor_SMD:C_1206_3216Metric_Pad1.42x1.75mm_HandSolder (layer B.Cu) (tedit 5B301BBE) (tstamp 5D8E1B9F)
    (at 48.52416 78.96352 270)
    (descr "Capacitor SMD 1206 (3216 Metric), square (rectangular) end terminal, IPC_7351 nominal with elongated pad for handsoldering. (Body size source: http://www.tortai-tech.com/upload/download/2011102023233369053.pdf), generated with kicad-footprint-generator")
    (tags "capacitor handsolder")
    (path /5D81B1F5/5DD2CC61/5D7DBE90)
    (attr smd)
    (fp_text reference C40 (at 0 1.82 270) (layer B.SilkS)
      (effects (font (size 1 1) (thickness 0.15)) (justify mirror))
    )
    (fp_text value 470n (at 0 -1.82 270) (layer B.Fab)
      (effects (font (size 1 1) (thickness 0.15)) (justify mirror))
    )
    (fp_text user %R (at 0 0 270) (layer B.Fab)
      (effects (font (size 0.8 0.8) (thickness 0.12)) (justify mirror))
    )
    (fp_line (start 2.45 -1.12) (end -2.45 -1.12) (layer B.CrtYd) (width 0.05))
    (fp_line (start 2.45 1.12) (end 2.45 -1.12) (layer B.CrtYd) (width 0.05))
    (fp_line (start -2.45 1.12) (end 2.45 1.12) (layer B.CrtYd) (width 0.05))
    (fp_line (start -2.45 -1.12) (end -2.45 1.12) (layer B.CrtYd) (width 0.05))
    (fp_line (start -0.602064 -0.91) (end 0.602064 -0.91) (layer B.SilkS) (width 0.12))
    (fp_line (start -0.602064 0.91) (end 0.602064 0.91) (layer B.SilkS) (width 0.12))
    (fp_line (start 1.6 -0.8) (end -1.6 -0.8) (layer B.Fab) (width 0.1))
    (fp_line (start 1.6 0.8) (end 1.6 -0.8) (layer B.Fab) (width 0.1))
    (fp_line (start -1.6 0.8) (end 1.6 0.8) (layer B.Fab) (width 0.1))
    (fp_line (start -1.6 -0.8) (end -1.6 0.8) (layer B.Fab) (width 0.1))
    (pad 2 smd roundrect (at 1.4875 0 270) (size 1.425 1.75) (layers B.Cu B.Paste B.Mask) (roundrect_rratio 0.175439)
      (net 2 GND))
    (pad 1 smd roundrect (at -1.4875 0 270) (size 1.425 1.75) (layers B.Cu B.Paste B.Mask) (roundrect_rratio 0.175439)
      (net 15 +1V0))
    (model ${KISYS3DMOD}/Capacitor_SMD.3dshapes/C_1206_3216Metric.wrl
      (at (xyz 0 0 0))
      (scale (xyz 1 1 1))
      (rotate (xyz 0 0 0))
    )
  )

  (module Capacitor_SMD:C_1206_3216Metric_Pad1.42x1.75mm_HandSolder (layer B.Cu) (tedit 5B301BBE) (tstamp 5D8E1BAF)
    (at 63.76416 104.36352 270)
    (descr "Capacitor SMD 1206 (3216 Metric), square (rectangular) end terminal, IPC_7351 nominal with elongated pad for handsoldering. (Body size source: http://www.tortai-tech.com/upload/download/2011102023233369053.pdf), generated with kicad-footprint-generator")
    (tags "capacitor handsolder")
    (path /5D81B1F5/5DD2CC61/5DD2F833)
    (attr smd)
    (fp_text reference C41 (at 0 1.82 270) (layer B.SilkS)
      (effects (font (size 1 1) (thickness 0.15)) (justify mirror))
    )
    (fp_text value 4.7u (at 0 -1.82 270) (layer B.Fab)
      (effects (font (size 1 1) (thickness 0.15)) (justify mirror))
    )
    (fp_line (start -1.6 -0.8) (end -1.6 0.8) (layer B.Fab) (width 0.1))
    (fp_line (start -1.6 0.8) (end 1.6 0.8) (layer B.Fab) (width 0.1))
    (fp_line (start 1.6 0.8) (end 1.6 -0.8) (layer B.Fab) (width 0.1))
    (fp_line (start 1.6 -0.8) (end -1.6 -0.8) (layer B.Fab) (width 0.1))
    (fp_line (start -0.602064 0.91) (end 0.602064 0.91) (layer B.SilkS) (width 0.12))
    (fp_line (start -0.602064 -0.91) (end 0.602064 -0.91) (layer B.SilkS) (width 0.12))
    (fp_line (start -2.45 -1.12) (end -2.45 1.12) (layer B.CrtYd) (width 0.05))
    (fp_line (start -2.45 1.12) (end 2.45 1.12) (layer B.CrtYd) (width 0.05))
    (fp_line (start 2.45 1.12) (end 2.45 -1.12) (layer B.CrtYd) (width 0.05))
    (fp_line (start 2.45 -1.12) (end -2.45 -1.12) (layer B.CrtYd) (width 0.05))
    (fp_text user %R (at 0 0 270) (layer B.Fab)
      (effects (font (size 0.8 0.8) (thickness 0.12)) (justify mirror))
    )
    (pad 1 smd roundrect (at -1.4875 0 270) (size 1.425 1.75) (layers B.Cu B.Paste B.Mask) (roundrect_rratio 0.175439)
      (net 4 +3V3))
    (pad 2 smd roundrect (at 1.4875 0 270) (size 1.425 1.75) (layers B.Cu B.Paste B.Mask) (roundrect_rratio 0.175439)
      (net 2 GND))
    (model ${KISYS3DMOD}/Capacitor_SMD.3dshapes/C_1206_3216Metric.wrl
      (at (xyz 0 0 0))
      (scale (xyz 1 1 1))
      (rotate (xyz 0 0 0))
    )
  )

  (module Capacitor_SMD:C_1206_3216Metric_Pad1.42x1.75mm_HandSolder (layer B.Cu) (tedit 5B301BBE) (tstamp 5D8E1BEF)
    (at 68.84416 104.36352 270)
    (descr "Capacitor SMD 1206 (3216 Metric), square (rectangular) end terminal, IPC_7351 nominal with elongated pad for handsoldering. (Body size source: http://www.tortai-tech.com/upload/download/2011102023233369053.pdf), generated with kicad-footprint-generator")
    (tags "capacitor handsolder")
    (path /5D81B1F5/5DD2CC61/5DD2FD8E)
    (attr smd)
    (fp_text reference C45 (at 0 1.82 270) (layer B.SilkS)
      (effects (font (size 1 1) (thickness 0.15)) (justify mirror))
    )
    (fp_text value 470n (at 0 -1.82 270) (layer B.Fab)
      (effects (font (size 1 1) (thickness 0.15)) (justify mirror))
    )
    (fp_text user %R (at 0 0 270) (layer B.Fab)
      (effects (font (size 0.8 0.8) (thickness 0.12)) (justify mirror))
    )
    (fp_line (start 2.45 -1.12) (end -2.45 -1.12) (layer B.CrtYd) (width 0.05))
    (fp_line (start 2.45 1.12) (end 2.45 -1.12) (layer B.CrtYd) (width 0.05))
    (fp_line (start -2.45 1.12) (end 2.45 1.12) (layer B.CrtYd) (width 0.05))
    (fp_line (start -2.45 -1.12) (end -2.45 1.12) (layer B.CrtYd) (width 0.05))
    (fp_line (start -0.602064 -0.91) (end 0.602064 -0.91) (layer B.SilkS) (width 0.12))
    (fp_line (start -0.602064 0.91) (end 0.602064 0.91) (layer B.SilkS) (width 0.12))
    (fp_line (start 1.6 -0.8) (end -1.6 -0.8) (layer B.Fab) (width 0.1))
    (fp_line (start 1.6 0.8) (end 1.6 -0.8) (layer B.Fab) (width 0.1))
    (fp_line (start -1.6 0.8) (end 1.6 0.8) (layer B.Fab) (width 0.1))
    (fp_line (start -1.6 -0.8) (end -1.6 0.8) (layer B.Fab) (width 0.1))
    (pad 2 smd roundrect (at 1.4875 0 270) (size 1.425 1.75) (layers B.Cu B.Paste B.Mask) (roundrect_rratio 0.175439)
      (net 2 GND))
    (pad 1 smd roundrect (at -1.4875 0 270) (size 1.425 1.75) (layers B.Cu B.Paste B.Mask) (roundrect_rratio 0.175439)
      (net 4 +3V3))
    (model ${KISYS3DMOD}/Capacitor_SMD.3dshapes/C_1206_3216Metric.wrl
      (at (xyz 0 0 0))
      (scale (xyz 1 1 1))
      (rotate (xyz 0 0 0))
    )
  )

  (module Capacitor_SMD:C_1206_3216Metric_Pad1.42x1.75mm_HandSolder (layer B.Cu) (tedit 5B301BBE) (tstamp 5D8E1BCF)
    (at 79.00416 98.01352 270)
    (descr "Capacitor SMD 1206 (3216 Metric), square (rectangular) end terminal, IPC_7351 nominal with elongated pad for handsoldering. (Body size source: http://www.tortai-tech.com/upload/download/2011102023233369053.pdf), generated with kicad-footprint-generator")
    (tags "capacitor handsolder")
    (path /5D81B1F5/5DD2CC61/5DD2FB2C)
    (attr smd)
    (fp_text reference C43 (at 0 1.82 270) (layer B.SilkS)
      (effects (font (size 1 1) (thickness 0.15)) (justify mirror))
    )
    (fp_text value 470n (at 0 -1.82 270) (layer B.Fab)
      (effects (font (size 1 1) (thickness 0.15)) (justify mirror))
    )
    (fp_text user %R (at 0 0 270) (layer B.Fab)
      (effects (font (size 0.8 0.8) (thickness 0.12)) (justify mirror))
    )
    (fp_line (start 2.45 -1.12) (end -2.45 -1.12) (layer B.CrtYd) (width 0.05))
    (fp_line (start 2.45 1.12) (end 2.45 -1.12) (layer B.CrtYd) (width 0.05))
    (fp_line (start -2.45 1.12) (end 2.45 1.12) (layer B.CrtYd) (width 0.05))
    (fp_line (start -2.45 -1.12) (end -2.45 1.12) (layer B.CrtYd) (width 0.05))
    (fp_line (start -0.602064 -0.91) (end 0.602064 -0.91) (layer B.SilkS) (width 0.12))
    (fp_line (start -0.602064 0.91) (end 0.602064 0.91) (layer B.SilkS) (width 0.12))
    (fp_line (start 1.6 -0.8) (end -1.6 -0.8) (layer B.Fab) (width 0.1))
    (fp_line (start 1.6 0.8) (end 1.6 -0.8) (layer B.Fab) (width 0.1))
    (fp_line (start -1.6 0.8) (end 1.6 0.8) (layer B.Fab) (width 0.1))
    (fp_line (start -1.6 -0.8) (end -1.6 0.8) (layer B.Fab) (width 0.1))
    (pad 2 smd roundrect (at 1.4875 0 270) (size 1.425 1.75) (layers B.Cu B.Paste B.Mask) (roundrect_rratio 0.175439)
      (net 2 GND))
    (pad 1 smd roundrect (at -1.4875 0 270) (size 1.425 1.75) (layers B.Cu B.Paste B.Mask) (roundrect_rratio 0.175439)
      (net 4 +3V3))
    (model ${KISYS3DMOD}/Capacitor_SMD.3dshapes/C_1206_3216Metric.wrl
      (at (xyz 0 0 0))
      (scale (xyz 1 1 1))
      (rotate (xyz 0 0 0))
    )
  )

  (module Capacitor_SMD:C_1206_3216Metric_Pad1.42x1.75mm_HandSolder (layer B.Cu) (tedit 5B301BBE) (tstamp 5D8E1B4F)
    (at 73.92416 78.96352 270)
    (descr "Capacitor SMD 1206 (3216 Metric), square (rectangular) end terminal, IPC_7351 nominal with elongated pad for handsoldering. (Body size source: http://www.tortai-tech.com/upload/download/2011102023233369053.pdf), generated with kicad-footprint-generator")
    (tags "capacitor handsolder")
    (path /5D81B1F5/5DD2CC61/5D7EE2E2)
    (attr smd)
    (fp_text reference C35 (at 0 1.82 270) (layer B.SilkS)
      (effects (font (size 1 1) (thickness 0.15)) (justify mirror))
    )
    (fp_text value 470n (at 0 -1.82 270) (layer B.Fab)
      (effects (font (size 1 1) (thickness 0.15)) (justify mirror))
    )
    (fp_line (start -1.6 -0.8) (end -1.6 0.8) (layer B.Fab) (width 0.1))
    (fp_line (start -1.6 0.8) (end 1.6 0.8) (layer B.Fab) (width 0.1))
    (fp_line (start 1.6 0.8) (end 1.6 -0.8) (layer B.Fab) (width 0.1))
    (fp_line (start 1.6 -0.8) (end -1.6 -0.8) (layer B.Fab) (width 0.1))
    (fp_line (start -0.602064 0.91) (end 0.602064 0.91) (layer B.SilkS) (width 0.12))
    (fp_line (start -0.602064 -0.91) (end 0.602064 -0.91) (layer B.SilkS) (width 0.12))
    (fp_line (start -2.45 -1.12) (end -2.45 1.12) (layer B.CrtYd) (width 0.05))
    (fp_line (start -2.45 1.12) (end 2.45 1.12) (layer B.CrtYd) (width 0.05))
    (fp_line (start 2.45 1.12) (end 2.45 -1.12) (layer B.CrtYd) (width 0.05))
    (fp_line (start 2.45 -1.12) (end -2.45 -1.12) (layer B.CrtYd) (width 0.05))
    (fp_text user %R (at 0 0 270) (layer B.Fab)
      (effects (font (size 0.8 0.8) (thickness 0.12)) (justify mirror))
    )
    (pad 1 smd roundrect (at -1.4875 0 270) (size 1.425 1.75) (layers B.Cu B.Paste B.Mask) (roundrect_rratio 0.175439)
      (net 15 +1V0))
    (pad 2 smd roundrect (at 1.4875 0 270) (size 1.425 1.75) (layers B.Cu B.Paste B.Mask) (roundrect_rratio 0.175439)
      (net 2 GND))
    (model ${KISYS3DMOD}/Capacitor_SMD.3dshapes/C_1206_3216Metric.wrl
      (at (xyz 0 0 0))
      (scale (xyz 1 1 1))
      (rotate (xyz 0 0 0))
    )
  )

  (module Capacitor_SMD:C_1206_3216Metric_Pad1.42x1.75mm_HandSolder (layer B.Cu) (tedit 5B301BBE) (tstamp 5D8E1B5F)
    (at 68.84416 98.01352 270)
    (descr "Capacitor SMD 1206 (3216 Metric), square (rectangular) end terminal, IPC_7351 nominal with elongated pad for handsoldering. (Body size source: http://www.tortai-tech.com/upload/download/2011102023233369053.pdf), generated with kicad-footprint-generator")
    (tags "capacitor handsolder")
    (path /5D81B1F5/5DD2CC61/5DD30A38)
    (attr smd)
